v 0.000000 -1.000000 0.000000
v 0.038060 0.980785 -0.191342
v 0.074658 0.923880 -0.375330
v 0.108386 0.831470 -0.544895
v 0.137950 0.707107 -0.693520
v 0.162212 0.555570 -0.815493
v 0.180240 0.382683 -0.906127
v 0.191342 0.195090 -0.961940
v 0.195090 0.000000 -0.980785
v 0.191342 -0.195090 -0.961940
v 0.180240 -0.382683 -0.906127
v 0.162212 -0.555570 -0.815493
v 0.137950 -0.707107 -0.693520
v 0.108386 -0.831470 -0.544895
v 0.074658 -0.923880 -0.375330
v 0.038060 -0.980785 -0.191341
v 0.074658 0.980785 -0.180240
v 0.146447 0.923880 -0.353553
v 0.212608 0.831470 -0.513280
v 0.270598 0.707107 -0.653281
v 0.318190 0.555570 -0.768178
v 0.353553 0.382683 -0.853553
v 0.375330 0.195090 -0.906127
v 0.382684 0.000000 -0.923879
v 0.375330 -0.195090 -0.906127
v 0.353554 -0.382683 -0.853553
v 0.318190 -0.555570 -0.768178
v 0.270598 -0.707107 -0.653281
v 0.212608 -0.831470 -0.513280
v 0.146447 -0.923880 -0.353553
v 0.074658 -0.980785 -0.180240
v 0.108387 0.980785 -0.162212
v 0.212608 0.923880 -0.318190
v 0.308658 0.831470 -0.461940
v 0.392848 0.707107 -0.587938
v 0.461940 0.555570 -0.691342
v 0.513280 0.382683 -0.768178
v 0.544895 0.195090 -0.815493
v 0.555570 0.000000 -0.831469
v 0.544895 -0.195090 -0.815493
v 0.513280 -0.382683 -0.768178
v 0.461940 -0.555570 -0.691342
v 0.392848 -0.707107 -0.587938
v 0.308658 -0.831470 -0.461940
v 0.212608 -0.923880 -0.318189
v 0.108386 -0.980785 -0.162211
v 0.137950 0.980785 -0.137950
v 0.270598 0.923880 -0.270598
v 0.392848 0.831470 -0.392847
v 0.500000 0.707107 -0.500000
v 0.587938 0.555570 -0.587938
v 0.653282 0.382683 -0.653281
v 0.693520 0.195090 -0.693520
v 0.707107 0.000000 -0.707107
v 0.693520 -0.195090 -0.693520
v 0.653282 -0.382683 -0.653281
v 0.587938 -0.555570 -0.587938
v 0.500000 -0.707107 -0.500000
v 0.392848 -0.831470 -0.392847
v 0.270598 -0.923880 -0.270598
v 0.137950 -0.980785 -0.137949
v 0.162212 0.980785 -0.108386
v 0.318190 0.923880 -0.212607
v 0.461940 0.831470 -0.308658
v 0.587938 0.707107 -0.392847
v 0.691342 0.555570 -0.461940
v 0.768178 0.382683 -0.513280
v 0.815493 0.195090 -0.544895
v 0.831470 0.000000 -0.555570
v 0.815493 -0.195090 -0.544895
v 0.768178 -0.382683 -0.513280
v 0.691342 -0.555570 -0.461940
v 0.587938 -0.707107 -0.392847
v 0.461940 -0.831470 -0.308658
v 0.318190 -0.923880 -0.212607
v 0.162212 -0.980785 -0.108386
v 0.180240 0.980785 -0.074658
v 0.353554 0.923880 -0.146446
v 0.513280 0.831470 -0.212607
v 0.653282 0.707107 -0.270598
v 0.768178 0.555570 -0.318189
v 0.853554 0.382683 -0.353553
v 0.906128 0.195090 -0.375330
v 0.923880 0.000000 -0.382683
v 0.906128 -0.195090 -0.375330
v 0.853554 -0.382683 -0.353553
v 0.768178 -0.555570 -0.318189
v 0.653282 -0.707107 -0.270598
v 0.513280 -0.831470 -0.212607
v 0.353554 -0.923880 -0.146446
v 0.180240 -0.980785 -0.074658
v 0.191342 0.980785 -0.038060
v 0.375331 0.923880 -0.074658
v 0.544895 0.831470 -0.108386
v 0.693520 0.707107 -0.137949
v 0.815493 0.555570 -0.162211
v 0.906128 0.382683 -0.180240
v 0.961940 0.195090 -0.191341
v 0.980785 0.000000 -0.195090
v 0.961940 -0.195090 -0.191341
v 0.906128 -0.382683 -0.180240
v 0.815493 -0.555570 -0.162211
v 0.693520 -0.707107 -0.137949
v 0.544895 -0.831470 -0.108386
v 0.375330 -0.923880 -0.074658
v 0.191342 -0.980785 -0.038060
v 0.195091 0.980785 0.000000
v 0.382684 0.923880 0.000000
v 0.555570 0.831470 0.000000
v 0.707107 0.707107 0.000000
v 0.831470 0.555570 0.000000
v 0.923880 0.382683 0.000000
v 0.980785 0.195090 0.000000
v 1.000000 0.000000 0.000000
v 0.980785 -0.195090 0.000000
v 0.923880 -0.382683 0.000000
v 0.831470 -0.555570 0.000000
v 0.707107 -0.707107 0.000000
v 0.555570 -0.831470 0.000000
v 0.382684 -0.923880 0.000000
v 0.195090 -0.980785 0.000000
v 0.191342 0.980785 0.038061
v 0.375331 0.923880 0.074658
v 0.544895 0.831470 0.108387
v 0.693520 0.707107 0.137950
v 0.815493 0.555570 0.162212
v 0.906128 0.382683 0.180240
v 0.961940 0.195090 0.191342
v 0.980785 0.000000 0.195091
v 0.961940 -0.195090 0.191342
v 0.906128 -0.382683 0.180240
v 0.815493 -0.555570 0.162212
v 0.693520 -0.707107 0.137950
v 0.544895 -0.831470 0.108387
v 0.375330 -0.923880 0.074658
v 0.191342 -0.980785 0.038061
v 0.180240 0.980785 0.074658
v 0.353554 0.923880 0.146447
v 0.513280 0.831470 0.212608
v 0.653282 0.707107 0.270598
v 0.768178 0.555570 0.318190
v 0.853554 0.382683 0.353554
v 0.906127 0.195090 0.375331
v 0.923880 0.000000 0.382684
v 0.906127 -0.195090 0.375331
v 0.853554 -0.382683 0.353554
v 0.768178 -0.555570 0.318190
v 0.653282 -0.707107 0.270598
v 0.513280 -0.831470 0.212608
v 0.353553 -0.923880 0.146447
v 0.180240 -0.980785 0.074658
v 0.162212 0.980785 0.108387
v 0.318190 0.923880 0.212608
v 0.461940 0.831470 0.308659
v 0.587938 0.707107 0.392848
v 0.691342 0.555570 0.461940
v 0.768178 0.382683 0.513280
v 0.815493 0.195090 0.544895
v 0.831470 0.000000 0.555571
v 0.815493 -0.195090 0.544895
v 0.768178 -0.382683 0.513280
v 0.691342 -0.555570 0.461940
v 0.587938 -0.707107 0.392848
v 0.461940 -0.831470 0.308659
v 0.318190 -0.923880 0.212608
v 0.162212 -0.980785 0.108387
v 0.137950 0.980785 0.137950
v 0.270598 0.923880 0.270599
v 0.392848 0.831470 0.392848
v 0.500000 0.707107 0.500000
v 0.587938 0.555570 0.587938
v 0.653282 0.382683 0.653282
v 0.693520 0.195090 0.693520
v 0.707107 0.000000 0.707107
v 0.693520 -0.195090 0.693520
v 0.653282 -0.382683 0.653282
v 0.587938 -0.555570 0.587938
v 0.500000 -0.707107 0.500000
v 0.392848 -0.831470 0.392848
v 0.270598 -0.923880 0.270598
v 0.137950 -0.980785 0.137950
v 0.108386 0.980785 0.162212
v 0.212608 0.923880 0.318190
v 0.308658 0.831470 0.461940
v 0.392848 0.707107 0.587938
v 0.461940 0.555570 0.691342
v 0.513280 0.382683 0.768178
v 0.544895 0.195090 0.815493
v 0.555570 0.000000 0.831470
v 0.544895 -0.195090 0.815493
v 0.513280 -0.382683 0.768178
v 0.461940 -0.555570 0.691342
v 0.392848 -0.707107 0.587938
v 0.308658 -0.831470 0.461940
v 0.212608 -0.923880 0.318190
v 0.108386 -0.980785 0.162212
v 0.074658 0.980785 0.180240
v 0.146447 0.923880 0.353554
v 0.212608 0.831470 0.513280
v 0.270598 0.707107 0.653282
v 0.318190 0.555570 0.768178
v 0.353553 0.382683 0.853554
v 0.375330 0.195090 0.906128
v 0.382683 0.000000 0.923880
v 0.375330 -0.195090 0.906128
v 0.353553 -0.382683 0.853554
v 0.318190 -0.555570 0.768178
v 0.270598 -0.707107 0.653282
v 0.212608 -0.831470 0.513280
v 0.146447 -0.923880 0.353554
v 0.074658 -0.980785 0.180240
v 0.038060 0.980785 0.191342
v 0.074658 0.923880 0.375331
v 0.108386 0.831470 0.544896
v 0.137950 0.707107 0.693520
v 0.162212 0.555570 0.815493
v 0.180240 0.382683 0.906128
v 0.191342 0.195090 0.961940
v 0.195090 0.000000 0.980786
v 0.191342 -0.195090 0.961940
v 0.180240 -0.382683 0.906128
v 0.162212 -0.555570 0.815493
v 0.137950 -0.707107 0.693520
v 0.108386 -0.831470 0.544895
v 0.074658 -0.923880 0.375331
v 0.038060 -0.980785 0.191342
v -0.000000 0.980785 0.195091
v 0.000000 0.923880 0.382684
v 0.000000 0.831470 0.555571
v -0.000000 0.707107 0.707107
v -0.000000 0.555570 0.831470
v 0.000000 0.382683 0.923880
v -0.000000 0.195090 0.980785
v -0.000000 0.000000 1.000000
v -0.000000 -0.195090 0.980785
v 0.000000 -0.382683 0.923880
v -0.000000 -0.555570 0.831470
v -0.000000 -0.707107 0.707107
v -0.000000 -0.831470 0.555570
v 0.000000 -0.923880 0.382684
v 0.000000 -0.980785 0.195091
v -0.038060 0.980785 0.191342
v -0.074658 0.923880 0.375331
v -0.108386 0.831470 0.544896
v -0.137950 0.707107 0.693520
v -0.162212 0.555570 0.815493
v -0.180240 0.382683 0.906128
v -0.191342 0.195090 0.961940
v -0.195090 0.000000 0.980786
v -0.191342 -0.195090 0.961940
v -0.180240 -0.382683 0.906128
v -0.162212 -0.555570 0.815493
v -0.137950 -0.707107 0.693520
v -0.108386 -0.831470 0.544895
v -0.074658 -0.923880 0.375331
v -0.038060 -0.980785 0.191342
v -0.000000 1.000000 0.000001
v -0.074658 0.980785 0.180240
v -0.146447 0.923880 0.353554
v -0.212608 0.831470 0.513280
v -0.270598 0.707107 0.653282
v -0.318190 0.555570 0.768178
v -0.353553 0.382683 0.853554
v -0.375330 0.195090 0.906127
v -0.382684 0.000000 0.923880
v -0.375330 -0.195090 0.906127
v -0.353553 -0.382683 0.853554
v -0.318190 -0.555570 0.768178
v -0.270598 -0.707107 0.653282
v -0.212608 -0.831470 0.513280
v -0.146447 -0.923880 0.353554
v -0.074658 -0.980785 0.180240
v -0.108386 0.980785 0.162212
v -0.212608 0.923880 0.318190
v -0.308658 0.831470 0.461940
v -0.392847 0.707107 0.587938
v -0.461940 0.555570 0.691342
v -0.513280 0.382683 0.768178
v -0.544895 0.195090 0.815493
v -0.555570 0.000000 0.831470
v -0.544895 -0.195090 0.815493
v -0.513280 -0.382683 0.768178
v -0.461940 -0.555570 0.691342
v -0.392847 -0.707107 0.587938
v -0.308658 -0.831470 0.461940
v -0.212607 -0.923880 0.318190
v -0.108386 -0.980785 0.162212
v -0.137950 0.980785 0.137950
v -0.270598 0.923880 0.270598
v -0.392848 0.831470 0.392848
v -0.500000 0.707107 0.500000
v -0.587938 0.555570 0.587938
v -0.653281 0.382683 0.653282
v -0.693520 0.195090 0.693520
v -0.707107 0.000000 0.707107
v -0.693520 -0.195090 0.693520
v -0.653281 -0.382683 0.653282
v -0.587938 -0.555570 0.587938
v -0.500000 -0.707107 0.500000
v -0.392847 -0.831470 0.392848
v -0.270598 -0.923880 0.270598
v -0.137950 -0.980785 0.137950
v -0.162212 0.980785 0.108387
v -0.318190 0.923880 0.212608
v -0.461940 0.831470 0.308659
v -0.587938 0.707107 0.392848
v -0.691342 0.555570 0.461940
v -0.768178 0.382683 0.513280
v -0.815493 0.195090 0.544895
v -0.831470 0.000000 0.555570
v -0.815493 -0.195090 0.544895
v -0.768178 -0.382683 0.513280
v -0.691342 -0.555570 0.461940
v -0.587938 -0.707107 0.392848
v -0.461940 -0.831470 0.308658
v -0.318190 -0.923880 0.212608
v -0.162212 -0.980785 0.108387
v -0.180240 0.980785 0.074658
v -0.353553 0.923880 0.146447
v -0.513280 0.831470 0.212608
v -0.653281 0.707107 0.270598
v -0.768177 0.555570 0.318190
v -0.853553 0.382683 0.353554
v -0.906127 0.195090 0.375330
v -0.923880 0.000000 0.382684
v -0.906127 -0.195090 0.375330
v -0.853553 -0.382683 0.353554
v -0.768177 -0.555570 0.318190
v -0.653281 -0.707107 0.270598
v -0.513280 -0.831470 0.212608
v -0.353553 -0.923880 0.146447
v -0.180240 -0.980785 0.074658
v -0.191342 0.980785 0.038061
v -0.375330 0.923880 0.074658
v -0.544895 0.831470 0.108387
v -0.693520 0.707107 0.137950
v -0.815493 0.555570 0.162212
v -0.906127 0.382683 0.180240
v -0.961939 0.195090 0.191342
v -0.980785 0.000000 0.195090
v -0.961939 -0.195090 0.191342
v -0.906127 -0.382683 0.180240
v -0.815493 -0.555570 0.162212
v -0.693520 -0.707107 0.137950
v -0.544895 -0.831470 0.108387
v -0.375330 -0.923880 0.074658
v -0.191342 -0.980785 0.038061
v -0.195090 0.980785 0.000000
v -0.382683 0.923880 0.000000
v -0.555570 0.831470 0.000000
v -0.707107 0.707107 0.000000
v -0.831469 0.555570 0.000000
v -0.923879 0.382683 0.000000
v -0.980785 0.195090 0.000000
v -1.000000 0.000000 0.000000
v -0.980785 -0.195090 0.000000
v -0.923879 -0.382683 0.000000
v -0.831469 -0.555570 0.000000
v -0.707107 -0.707107 0.000000
v -0.555570 -0.831470 0.000000
v -0.382683 -0.923880 0.000000
v -0.195090 -0.980785 0.000000
v -0.191342 0.980785 -0.038060
v -0.375330 0.923880 -0.074658
v -0.544895 0.831470 -0.108386
v -0.693520 0.707107 -0.137949
v -0.815493 0.555570 -0.162211
v -0.906127 0.382683 -0.180240
v -0.961939 0.195090 -0.191342
v -0.980785 0.000000 -0.195090
v -0.961939 -0.195090 -0.191342
v -0.906127 -0.382683 -0.180240
v -0.815493 -0.555570 -0.162211
v -0.693520 -0.707107 -0.137949
v -0.544895 -0.831470 -0.108386
v -0.375330 -0.923880 -0.074658
v -0.191342 -0.980785 -0.038060
v -0.180240 0.980785 -0.074658
v -0.353553 0.923880 -0.146446
v -0.513280 0.831470 -0.212607
v -0.653281 0.707107 -0.270598
v -0.768177 0.555570 -0.318189
v -0.853553 0.382683 -0.353553
v -0.906127 0.195090 -0.375330
v -0.923879 0.000000 -0.382683
v -0.906127 -0.195090 -0.375330
v -0.853553 -0.382683 -0.353553
v -0.768177 -0.555570 -0.318189
v -0.653281 -0.707107 -0.270598
v -0.513280 -0.831470 -0.212607
v -0.353553 -0.923880 -0.146446
v -0.180240 -0.980785 -0.074657
v -0.162212 0.980785 -0.108386
v -0.318190 0.923880 -0.212607
v -0.461940 0.831470 -0.308658
v -0.587938 0.707107 -0.392847
v -0.691341 0.555570 -0.461939
v -0.768178 0.382683 -0.513280
v -0.815493 0.195090 -0.544895
v -0.831469 0.000000 -0.555570
v -0.815493 -0.195090 -0.544895
v -0.768178 -0.382683 -0.513280
v -0.691341 -0.555570 -0.461939
v -0.587938 -0.707107 -0.392847
v -0.461940 -0.831470 -0.308658
v -0.318189 -0.923880 -0.212607
v -0.162212 -0.980785 -0.108386
v -0.137950 0.980785 -0.137949
v -0.270598 0.923880 -0.270598
v -0.392847 0.831470 -0.392847
v -0.500000 0.707107 -0.500000
v -0.587937 0.555570 -0.587937
v -0.653281 0.382683 -0.653281
v -0.693519 0.195090 -0.693519
v -0.707106 0.000000 -0.707106
v -0.693519 -0.195090 -0.693519
v -0.653281 -0.382683 -0.653281
v -0.587937 -0.555570 -0.587937
v -0.500000 -0.707107 -0.500000
v -0.392847 -0.831470 -0.392847
v -0.270598 -0.923880 -0.270598
v -0.137950 -0.980785 -0.137949
v -0.108386 0.980785 -0.162211
v -0.212607 0.923880 -0.318189
v -0.308658 0.831470 -0.461939
v -0.392847 0.707107 -0.587937
v -0.461939 0.555570 -0.691341
v -0.513280 0.382683 -0.768177
v -0.544895 0.195090 -0.815492
v -0.555570 0.000000 -0.831469
v -0.544895 -0.195090 -0.815492
v -0.513280 -0.382683 -0.768177
v -0.461939 -0.555570 -0.691341
v -0.392847 -0.707107 -0.587937
v -0.308658 -0.831470 -0.461939
v -0.212607 -0.923880 -0.318189
v -0.108386 -0.980785 -0.162211
v -0.074658 0.980785 -0.180240
v -0.146447 0.923880 -0.353553
v -0.212607 0.831470 -0.513280
v -0.270598 0.707107 -0.653281
v -0.318189 0.555570 -0.768177
v -0.353553 0.382683 -0.853553
v -0.375330 0.195090 -0.906127
v -0.382683 0.000000 -0.923879
v -0.375330 -0.195090 -0.906127
v -0.353553 -0.382683 -0.853553
v -0.318189 -0.555570 -0.768177
v -0.270598 -0.707107 -0.653281
v -0.212607 -0.831470 -0.513279
v -0.146446 -0.923880 -0.353553
v -0.074658 -0.980785 -0.180240
v -0.038060 0.980785 -0.191342
v -0.074658 0.923880 -0.375330
v -0.108386 0.831470 -0.544895
v -0.137950 0.707107 -0.693520
v -0.162211 0.555570 -0.815492
v -0.180240 0.382683 -0.906127
v -0.191341 0.195090 -0.961939
v -0.195090 0.000000 -0.980785
v -0.191341 -0.195090 -0.961939
v -0.180240 -0.382683 -0.906127
v -0.162211 -0.555570 -0.815492
v -0.137950 -0.707107 -0.693520
v -0.108386 -0.831470 -0.544895
v -0.074658 -0.923880 -0.375330
v -0.038060 -0.980785 -0.191341
v 0.000000 0.980785 -0.195090
v 0.000000 0.923880 -0.382683
v 0.000000 0.831470 -0.555570
v 0.000000 0.707107 -0.707106
v 0.000000 0.555570 -0.831469
v 0.000000 0.382683 -0.923879
v 0.000000 0.195090 -0.980784
v 0.000000 0.000000 -0.999999
v 0.000000 -0.195090 -0.980784
v 0.000000 -0.382683 -0.923879
v 0.000000 -0.555570 -0.831469
v 0.000000 -0.707107 -0.707106
v 0.000000 -0.831470 -0.555570
v 0.000000 -0.923880 -0.382683
v 0.000000 -0.980785 -0.195090
vn 0.0938 -0.2890 -0.9527
vn 0.0464 0.8810 -0.4709
vn 0.0865 -0.4696 -0.8786
vn 0.0624 0.7715 -0.6332
vn 0.0759 -0.6326 -0.7708
vn 0.0759 0.6326 -0.7708
vn 0.0624 -0.7715 -0.6332
vn 0.0865 0.4696 -0.8786
vn 0.0464 -0.8810 -0.4709
vn 0.0938 0.2890 -0.9527
vn 0.0286 -0.9565 -0.2902
vn 0.0975 0.0975 -0.9904
vn 0.0097 0.9951 -0.0980
vn 0.0097 -0.9951 -0.0980
vn 0.0975 -0.0976 -0.9904
vn 0.0286 0.9565 -0.2902
vn 0.0286 -0.9951 -0.0942
vn 0.2889 -0.0975 -0.9524
vn 0.0846 0.9565 -0.2790
vn 0.2779 -0.2890 -0.9161
vn 0.1374 0.8810 -0.4528
vn 0.2563 -0.4696 -0.8448
vn 0.1847 0.7715 -0.6088
vn 0.2248 -0.6326 -0.7412
vn 0.2248 0.6326 -0.7412
vn 0.1847 -0.7715 -0.6088
vn 0.2563 0.4696 -0.8448
vn 0.1374 -0.8810 -0.4528
vn 0.2779 0.2890 -0.9161
vn 0.0846 -0.9565 -0.2790
vn 0.2889 0.0975 -0.9524
vn 0.0286 0.9951 -0.0942
vn 0.2999 -0.7715 -0.5611
vn 0.4162 0.4696 -0.7786
vn 0.2230 -0.8810 -0.4173
vn 0.4513 0.2890 -0.8443
vn 0.1374 -0.9565 -0.2571
vn 0.4691 0.0975 -0.8777
vn 0.0464 0.9951 -0.0869
vn 0.0464 -0.9951 -0.0869
vn 0.4691 -0.0975 -0.8777
vn 0.1374 0.9565 -0.2571
vn 0.4513 -0.2890 -0.8443
vn 0.2230 0.8810 -0.4173
vn 0.4162 -0.4696 -0.7786
vn 0.2999 0.7715 -0.5611
vn 0.3651 -0.6326 -0.6831
vn 0.3651 0.6326 -0.6831
vn 0.1850 0.9565 -0.2254
vn 0.6073 -0.2890 -0.7400
vn 0.3002 0.8810 -0.3658
vn 0.5601 -0.4696 -0.6825
vn 0.4036 0.7715 -0.4918
vn 0.4913 -0.6326 -0.5987
vn 0.4913 0.6326 -0.5987
vn 0.4036 -0.7715 -0.4918
vn 0.5601 0.4696 -0.6825
vn 0.3002 -0.8810 -0.3658
vn 0.6073 0.2890 -0.7400
vn 0.1850 -0.9565 -0.2254
vn 0.6314 0.0975 -0.7693
vn 0.0625 0.9951 -0.0761
vn 0.0625 -0.9951 -0.0761
vn 0.6314 -0.0976 -0.7693
vn 0.6825 0.4696 -0.5601
vn 0.3658 -0.8810 -0.3002
vn 0.7400 0.2890 -0.6073
vn 0.2254 -0.9565 -0.1850
vn 0.7693 0.0976 -0.6314
vn 0.0761 0.9951 -0.0625
vn 0.0761 -0.9951 -0.0625
vn 0.7693 -0.0975 -0.6314
vn 0.2254 0.9565 -0.1850
vn 0.7400 -0.2890 -0.6073
vn 0.3658 0.8810 -0.3002
vn 0.6825 -0.4696 -0.5601
vn 0.4918 0.7715 -0.4036
vn 0.5987 -0.6326 -0.4913
vn 0.5987 0.6326 -0.4913
vn 0.4918 -0.7715 -0.4036
vn 0.8443 -0.2890 -0.4513
vn 0.4173 0.8810 -0.2231
vn 0.7786 -0.4696 -0.4162
vn 0.5611 0.7715 -0.2999
vn 0.6831 -0.6326 -0.3651
vn 0.6831 0.6326 -0.3651
vn 0.5611 -0.7715 -0.2999
vn 0.7786 0.4696 -0.4162
vn 0.4173 -0.8810 -0.2231
vn 0.8443 0.2890 -0.4513
vn 0.2571 -0.9565 -0.1374
vn 0.8777 0.0976 -0.4691
vn 0.0869 0.9951 -0.0464
vn 0.0869 -0.9951 -0.0464
vn 0.8777 -0.0976 -0.4691
vn 0.2571 0.9565 -0.1374
vn 0.4528 -0.8810 -0.1374
vn 0.9161 0.2890 -0.2779
vn 0.2790 -0.9565 -0.0846
vn 0.9524 0.0976 -0.2889
vn 0.0942 0.9951 -0.0286
vn 0.0942 -0.9951 -0.0286
vn 0.9524 -0.0976 -0.2889
vn 0.2790 0.9565 -0.0846
vn 0.9161 -0.2890 -0.2779
vn 0.4528 0.8810 -0.1374
vn 0.8448 -0.4696 -0.2563
vn 0.6088 0.7715 -0.1847
vn 0.7412 -0.6326 -0.2248
vn 0.7412 0.6326 -0.2248
vn 0.6088 -0.7715 -0.1847
vn 0.8448 0.4696 -0.2563
vn 0.4709 0.8810 -0.0464
vn 0.8786 -0.4696 -0.0865
vn 0.6332 0.7715 -0.0624
vn 0.7708 -0.6326 -0.0759
vn 0.7708 0.6326 -0.0759
vn 0.6332 -0.7715 -0.0624
vn 0.8786 0.4696 -0.0865
vn 0.4709 -0.8810 -0.0464
vn 0.9527 0.2890 -0.0938
vn 0.2902 -0.9565 -0.0286
vn 0.9904 0.0976 -0.0975
vn 0.0980 0.9951 -0.0097
vn 0.0980 -0.9951 -0.0097
vn 0.9904 -0.0976 -0.0975
vn 0.2902 0.9565 -0.0286
vn 0.9527 -0.2890 -0.0938
vn 0.9527 0.2890 0.0938
vn 0.2902 -0.9565 0.0286
vn 0.9904 0.0976 0.0975
vn 0.0980 0.9951 0.0097
vn 0.0980 -0.9951 0.0097
vn 0.9904 -0.0976 0.0975
vn 0.2902 0.9565 0.0286
vn 0.9527 -0.2890 0.0938
vn 0.4709 0.8810 0.0464
vn 0.8786 -0.4696 0.0865
vn 0.6332 0.7715 0.0624
vn 0.7708 -0.6326 0.0759
vn 0.7708 0.6326 0.0759
vn 0.6332 -0.7715 0.0624
vn 0.8786 0.4696 0.0865
vn 0.4709 -0.8810 0.0464
vn 0.8448 -0.4696 0.2563
vn 0.6088 0.7715 0.1847
vn 0.7412 -0.6326 0.2248
vn 0.7412 0.6326 0.2248
vn 0.6088 -0.7715 0.1847
vn 0.8448 0.4696 0.2563
vn 0.4528 -0.8810 0.1374
vn 0.9161 0.2890 0.2779
vn 0.2790 -0.9565 0.0846
vn 0.9524 0.0976 0.2889
vn 0.0942 0.9951 0.0286
vn 0.0942 -0.9951 0.0286
vn 0.9524 -0.0976 0.2889
vn 0.2790 0.9565 0.0846
vn 0.9161 -0.2890 0.2779
vn 0.4528 0.8810 0.1374
vn 0.2571 -0.9565 0.1374
vn 0.8777 0.0976 0.4691
vn 0.0869 0.9951 0.0464
vn 0.0869 -0.9951 0.0464
vn 0.8777 -0.0976 0.4691
vn 0.2571 0.9565 0.1374
vn 0.8443 -0.2890 0.4513
vn 0.4173 0.8810 0.2231
vn 0.7786 -0.4696 0.4162
vn 0.5611 0.7715 0.2999
vn 0.6831 -0.6326 0.3651
vn 0.6831 0.6326 0.3651
vn 0.5611 -0.7715 0.2999
vn 0.7786 0.4696 0.4162
vn 0.4173 -0.8810 0.2230
vn 0.8443 0.2890 0.4513
vn 0.5987 -0.6326 0.4913
vn 0.5987 0.6326 0.4913
vn 0.4918 -0.7715 0.4036
vn 0.6825 0.4696 0.5601
vn 0.3658 -0.8810 0.3002
vn 0.7400 0.2890 0.6073
vn 0.2254 -0.9566 0.1850
vn 0.7693 0.0976 0.6314
vn 0.0761 0.9951 0.0625
vn 0.0761 -0.9951 0.0625
vn 0.7693 -0.0976 0.6314
vn 0.2254 0.9565 0.1850
vn 0.7400 -0.2890 0.6073
vn 0.3658 0.8810 0.3002
vn 0.6825 -0.4696 0.5601
vn 0.4918 0.7715 0.4036
vn 0.0625 0.9951 0.0761
vn 0.0625 -0.9951 0.0761
vn 0.6314 -0.0976 0.7693
vn 0.1850 0.9565 0.2254
vn 0.6073 -0.2890 0.7400
vn 0.3002 0.8810 0.3658
vn 0.5601 -0.4696 0.6825
vn 0.4036 0.7715 0.4918
vn 0.4913 -0.6326 0.5987
vn 0.4913 0.6326 0.5987
vn 0.4036 -0.7715 0.4918
vn 0.5601 0.4696 0.6825
vn 0.3002 -0.8810 0.3658
vn 0.6073 0.2890 0.7400
vn 0.1850 -0.9565 0.2254
vn 0.6314 0.0976 0.7693
vn 0.3651 0.6326 0.6831
vn 0.2999 -0.7715 0.5611
vn 0.4162 0.4696 0.7786
vn 0.2230 -0.8810 0.4173
vn 0.4513 0.2890 0.8443
vn 0.1374 -0.9565 0.2571
vn 0.4691 0.0976 0.8777
vn 0.0464 0.9951 0.0869
vn 0.0464 -0.9951 0.0869
vn 0.4691 -0.0976 0.8777
vn 0.1374 0.9565 0.2571
vn 0.4513 -0.2890 0.8443
vn 0.2230 0.8810 0.4173
vn 0.4162 -0.4696 0.7786
vn 0.2999 0.7715 0.5611
vn 0.3651 -0.6326 0.6831
vn 0.2889 -0.0976 0.9524
vn 0.0846 0.9565 0.2790
vn 0.2779 -0.2890 0.9161
vn 0.1374 0.8810 0.4528
vn 0.2563 -0.4696 0.8448
vn 0.1847 0.7715 0.6088
vn 0.2248 -0.6326 0.7412
vn 0.2248 0.6326 0.7412
vn 0.1847 -0.7715 0.6088
vn 0.2563 0.4696 0.8448
vn 0.1374 -0.8810 0.4528
vn 0.2779 0.2890 0.9161
vn 0.0846 -0.9565 0.2790
vn 0.2889 0.0976 0.9524
vn 0.0286 0.9951 0.0942
vn 0.0286 -0.9951 0.0942
vn 0.0624 -0.7715 0.6332
vn 0.0865 0.4696 0.8786
vn 0.0464 -0.8810 0.4709
vn 0.0938 0.2890 0.9527
vn 0.0286 -0.9565 0.2902
vn 0.0975 0.0976 0.9904
vn 0.0097 0.9951 0.0980
vn 0.0097 -0.9951 0.0980
vn 0.0975 -0.0976 0.9904
vn 0.0286 0.9565 0.2902
vn 0.0938 -0.2890 0.9527
vn 0.0464 0.8810 0.4709
vn 0.0865 -0.4696 0.8786
vn 0.0624 0.7715 0.6332
vn 0.0759 -0.6326 0.7708
vn 0.0759 0.6326 0.7708
vn -0.0286 0.9565 0.2902
vn -0.0938 -0.2890 0.9527
vn -0.0464 0.8810 0.4709
vn -0.0865 -0.4696 0.8786
vn -0.0624 0.7715 0.6332
vn -0.0759 -0.6326 0.7708
vn -0.0759 0.6326 0.7708
vn -0.0624 -0.7715 0.6332
vn -0.0865 0.4696 0.8786
vn -0.0464 -0.8810 0.4709
vn -0.0938 0.2890 0.9527
vn -0.0286 -0.9565 0.2902
vn -0.0976 0.0976 0.9904
vn -0.0097 0.9951 0.0980
vn -0.0097 -0.9951 0.0980
vn -0.0976 -0.0976 0.9904
vn -0.2563 0.4696 0.8448
vn -0.1374 -0.8810 0.4528
vn -0.2779 0.2890 0.9161
vn -0.0846 -0.9565 0.2790
vn -0.2889 0.0976 0.9524
vn -0.0286 0.9951 0.0942
vn -0.0286 -0.9951 0.0942
vn -0.2889 -0.0976 0.9524
vn -0.0846 0.9565 0.2790
vn -0.2779 -0.2890 0.9161
vn -0.1374 0.8810 0.4528
vn -0.2563 -0.4696 0.8448
vn -0.1847 0.7715 0.6088
vn -0.2248 -0.6326 0.7412
vn -0.2248 0.6326 0.7412
vn -0.1847 -0.7715 0.6088
vn -0.4513 -0.2890 0.8443
vn -0.2230 0.8810 0.4173
vn -0.4162 -0.4696 0.7786
vn -0.2999 0.7715 0.5611
vn -0.3651 -0.6326 0.6831
vn -0.3651 0.6326 0.6831
vn -0.2999 -0.7715 0.5611
vn -0.4162 0.4696 0.7786
vn -0.2231 -0.8810 0.4173
vn -0.4513 0.2890 0.8443
vn -0.1374 -0.9565 0.2571
vn -0.4691 0.0976 0.8777
vn -0.0464 0.9951 0.0869
vn -0.0464 -0.9951 0.0869
vn -0.4691 -0.0976 0.8777
vn -0.1374 0.9565 0.2571
vn -0.3002 -0.8810 0.3658
vn -0.6073 0.2890 0.7400
vn -0.1850 -0.9565 0.2254
vn -0.6314 0.0976 0.7693
vn -0.0625 0.9951 0.0761
vn -0.0625 -0.9951 0.0761
vn -0.6314 -0.0976 0.7693
vn -0.1850 0.9565 0.2254
vn -0.6073 -0.2890 0.7400
vn -0.3002 0.8810 0.3658
vn -0.5601 -0.4696 0.6825
vn -0.4036 0.7715 0.4918
vn -0.4913 -0.6326 0.5987
vn -0.4913 0.6326 0.5987
vn -0.4036 -0.7715 0.4918
vn -0.5601 0.4696 0.6825
vn -0.6825 -0.4696 0.5601
vn -0.4918 0.7715 0.4036
vn -0.5987 -0.6326 0.4913
vn -0.5987 0.6326 0.4913
vn -0.4918 -0.7715 0.4036
vn -0.6825 0.4696 0.5601
vn -0.3658 -0.8810 0.3002
vn -0.7400 0.2890 0.6073
vn -0.2254 -0.9565 0.1850
vn -0.7693 0.0976 0.6314
vn -0.0761 0.9951 0.0625
vn -0.0761 -0.9951 0.0625
vn -0.7693 -0.0976 0.6314
vn -0.2254 0.9565 0.1850
vn -0.7400 -0.2890 0.6073
vn -0.3658 0.8810 0.3002
vn -0.2571 -0.9565 0.1374
vn -0.8777 0.0976 0.4691
vn -0.0869 0.9951 0.0464
vn -0.0869 -0.9951 0.0464
vn -0.8777 -0.0976 0.4691
vn -0.2571 0.9565 0.1374
vn -0.8443 -0.2890 0.4513
vn -0.4173 0.8810 0.2230
vn -0.7786 -0.4696 0.4162
vn -0.5611 0.7715 0.2999
vn -0.6831 -0.6326 0.3651
vn -0.6831 0.6326 0.3651
vn -0.5611 -0.7715 0.2999
vn -0.7786 0.4696 0.4162
vn -0.4173 -0.8810 0.2231
vn -0.8443 0.2890 0.4513
vn -0.6088 0.7715 0.1847
vn -0.7412 -0.6326 0.2248
vn -0.7412 0.6326 0.2248
vn -0.6088 -0.7715 0.1847
vn -0.8448 0.4696 0.2563
vn -0.4528 -0.8810 0.1374
vn -0.9161 0.2890 0.2779
vn -0.2790 -0.9565 0.0846
vn -0.9524 0.0976 0.2889
vn -0.0942 0.9951 0.0286
vn -0.0942 -0.9951 0.0286
vn -0.9524 -0.0976 0.2889
vn -0.2790 0.9565 0.0846
vn -0.9161 -0.2890 0.2779
vn -0.4528 0.8810 0.1374
vn -0.8448 -0.4696 0.2563
vn -0.9904 0.0976 0.0975
vn -0.0980 0.9951 0.0097
vn -0.0980 -0.9951 0.0097
vn -0.9904 -0.0976 0.0975
vn -0.2902 0.9565 0.0286
vn -0.9527 -0.2890 0.0938
vn -0.4709 0.8810 0.0464
vn -0.8786 -0.4696 0.0865
vn -0.6332 0.7715 0.0624
vn -0.7708 -0.6326 0.0759
vn -0.7708 0.6326 0.0759
vn -0.6332 -0.7715 0.0624
vn -0.8786 0.4696 0.0865
vn -0.4709 -0.8810 0.0464
vn -0.9527 0.2890 0.0938
vn -0.2902 -0.9565 0.0286
vn -0.7708 -0.6326 -0.0759
vn -0.7708 0.6326 -0.0759
vn -0.6332 -0.7715 -0.0624
vn -0.8786 0.4696 -0.0865
vn -0.4709 -0.8810 -0.0464
vn -0.9527 0.2890 -0.0938
vn -0.2902 -0.9565 -0.0286
vn -0.9904 0.0976 -0.0976
vn -0.0980 0.9951 -0.0097
vn -0.0980 -0.9951 -0.0097
vn -0.9904 -0.0976 -0.0976
vn -0.2902 0.9565 -0.0286
vn -0.9527 -0.2890 -0.0938
vn -0.4709 0.8810 -0.0464
vn -0.8786 -0.4696 -0.0865
vn -0.6332 0.7715 -0.0624
vn -0.0942 0.9951 -0.0286
vn -0.0942 -0.9951 -0.0286
vn -0.9524 -0.0976 -0.2889
vn -0.2790 0.9565 -0.0846
vn -0.9161 -0.2890 -0.2779
vn -0.4528 0.8810 -0.1374
vn -0.8448 -0.4696 -0.2563
vn -0.6088 0.7715 -0.1847
vn -0.7412 -0.6326 -0.2248
vn -0.7412 0.6326 -0.2248
vn -0.6088 -0.7715 -0.1847
vn -0.8448 0.4696 -0.2563
vn -0.4528 -0.8810 -0.1374
vn -0.9161 0.2890 -0.2779
vn -0.2790 -0.9565 -0.0846
vn -0.9524 0.0976 -0.2889
vn -0.6831 0.6326 -0.3651
vn -0.5611 -0.7715 -0.2999
vn -0.7786 0.4696 -0.4162
vn -0.4173 -0.8810 -0.2230
vn -0.8443 0.2890 -0.4513
vn -0.2571 -0.9565 -0.1374
vn -0.8777 0.0976 -0.4691
vn -0.0869 0.9951 -0.0464
vn -0.0869 -0.9951 -0.0464
vn -0.8777 -0.0976 -0.4691
vn -0.2571 0.9565 -0.1374
vn -0.8443 -0.2890 -0.4513
vn -0.4173 0.8810 -0.2231
vn -0.7786 -0.4696 -0.4162
vn -0.5611 0.7715 -0.2999
vn -0.6831 -0.6326 -0.3651
vn -0.7693 -0.0976 -0.6314
vn -0.2254 0.9565 -0.1850
vn -0.7400 -0.2890 -0.6073
vn -0.3658 0.8810 -0.3002
vn -0.6825 -0.4696 -0.5601
vn -0.4918 0.7715 -0.4036
vn -0.5987 -0.6326 -0.4913
vn -0.5987 0.6326 -0.4913
vn -0.4918 -0.7715 -0.4036
vn -0.6825 0.4696 -0.5601
vn -0.3658 -0.8810 -0.3002
vn -0.7400 0.2890 -0.6073
vn -0.2254 -0.9565 -0.1850
vn -0.7693 0.0976 -0.6314
vn -0.0761 0.9951 -0.0625
vn -0.0761 -0.9951 -0.0625
vn -0.4036 -0.7715 -0.4918
vn -0.5601 0.4696 -0.6825
vn -0.3002 -0.8810 -0.3658
vn -0.6073 0.2890 -0.7400
vn -0.1850 -0.9565 -0.2254
vn -0.6314 0.0976 -0.7693
vn -0.0625 0.9951 -0.0761
vn -0.0625 -0.9951 -0.0761
vn -0.6314 -0.0976 -0.7693
vn -0.1850 0.9565 -0.2254
vn -0.6073 -0.2890 -0.7400
vn -0.3002 0.8810 -0.3658
vn -0.5601 -0.4696 -0.6825
vn -0.4036 0.7715 -0.4918
vn -0.4913 -0.6326 -0.5987
vn -0.4913 0.6326 -0.5987
vn -0.4513 -0.2890 -0.8443
vn -0.2230 0.8810 -0.4173
vn -0.4162 -0.4696 -0.7786
vn -0.2999 0.7715 -0.5611
vn -0.3651 -0.6326 -0.6831
vn -0.3651 0.6326 -0.6831
vn -0.2999 -0.7715 -0.5611
vn -0.4162 0.4696 -0.7786
vn -0.2230 -0.8810 -0.4173
vn -0.4513 0.2890 -0.8443
vn -0.1374 -0.9565 -0.2571
vn -0.4691 0.0976 -0.8777
vn -0.0464 0.9951 -0.0869
vn -0.0464 -0.9951 -0.0869
vn -0.4691 -0.0976 -0.8777
vn -0.1374 0.9565 -0.2571
vn -0.1374 -0.8810 -0.4528
vn -0.2779 0.2890 -0.9161
vn -0.0846 -0.9565 -0.2790
vn -0.2889 0.0976 -0.9524
vn -0.0286 0.9951 -0.0942
vn -0.0286 -0.9951 -0.0942
vn -0.2889 -0.0976 -0.9524
vn -0.0846 0.9565 -0.2790
vn -0.2779 -0.2890 -0.9161
vn -0.1374 0.8810 -0.4528
vn -0.2563 -0.4696 -0.8448
vn -0.1847 0.7715 -0.6088
vn -0.2248 -0.6326 -0.7412
vn -0.2248 0.6326 -0.7412
vn -0.1847 -0.7715 -0.6088
vn -0.2563 0.4696 -0.8448
vn -0.0464 0.8810 -0.4709
vn -0.0865 -0.4696 -0.8786
vn -0.0624 0.7715 -0.6332
vn -0.0759 -0.6326 -0.7708
vn -0.0759 0.6326 -0.7708
vn -0.0624 -0.7715 -0.6332
vn -0.0865 0.4696 -0.8786
vn -0.0464 -0.8810 -0.4709
vn -0.0938 0.2890 -0.9527
vn -0.0286 -0.9565 -0.2902
vn -0.0975 0.0976 -0.9904
vn -0.0097 0.9951 -0.0980
vn -0.0097 -0.9951 -0.0980
vn -0.0975 -0.0976 -0.9904
vn -0.0286 0.9565 -0.2902
vn -0.0938 -0.2890 -0.9527
vn 0.0975 0.0976 -0.9904
vn 0.0975 -0.0975 -0.9904
vn 0.0846 0.9566 -0.2790
vn 0.2231 0.8810 -0.4173
vn 0.6314 0.0976 -0.7693
vn 0.7693 0.0975 -0.6314
vn 0.7693 -0.0976 -0.6314
vn 0.4173 -0.8810 -0.2230
vn 0.9524 -0.0975 -0.2889
vn 0.4173 -0.8810 0.2231
vn 0.2254 -0.9565 0.1850
vn -0.0846 0.9566 0.2790
vn -0.2230 -0.8810 0.4173
vn -0.1374 0.9566 0.2571
vn -0.4173 0.8810 0.2231
vn -0.4173 -0.8810 -0.2231
