 seq
 145727  0.00043  2182  0.00000  000815  11321  08745  00000  02133  000815  000815  000815  00065712  00004  00110592  01444800
 146727  0.00054  2230  0.00000  000815  11321  08745  00000  02133  000815  000815  000815  00065712  00004  00110592  01444800
 147331  0.00046  2230  0.00000  000815  11321  08745  00000  02133  000815  000815  000815  00065712  00000  00000000  00000000

par_unseq
 100750  0.00053  1885  0.00000  000815  04860  04621  00000  01906  000662  000815  000815  00065712  00004  00110592  01444800
 101750  0.00060  1908  0.00000  000815  04746  04405  00000  01856  000589  000815  000815  00065712  00004  00110592  01444800
 101934  0.00054  1908  0.00000  000815  04641  04274  00000  01903  000637  000815  000815  00065712  00000  00000000  00000000

single threaded
 111587  0.00047  2194  0.00000  000815  11321  08745  00000  02133  000815  000815  000815  00065712  00004  00110592  01444800
 112587  0.00043  2072  0.00000  000815  11321  08745  00000  02133  000815  000815  000815  00065712  00004  00110592  01444800
 113535  0.00045  2072  0.00000  000815  11321  08745  00000  02133  000815  000815  000815  00065712  00000  00000000  00000000

render on
--------------------------------
 par_unseq
  30 fps  15.0K
  60 fps  10.0K
 120 fps   6.0K
 450 fps   2.8K
 
 seq
  30 fps  17.9K
  60 fps  11.5K
 120 fps   6.7K
 530 fps   2.8K
 
 single threaded
  30 fps  17.8K
  60 fps  11.7K
 120 fps   7.0K
 528 fps   2.8K
 
 
 render off
 --------------------------
 par_unseq
  30 fps  17.3K
  60 fps  11.9K
 120 fps   8.3K
1000 fps   2.9K

 seq
  30 fps  20.3K
  60 fps  13.6K
 120 fps   9.3K
1400 fps   2.9K

 single thread
  30 fps  21.1K
  60 fps  14.0K
 120 fps   9.6K
1500 fps   2.9K


   
 
 
 
 
 
 
 
 
 
 
 
 
 
 
 
 
 